0.	0.007869648792535423
0.2	0.00769371891071451
0.4	0.0059138203110524696
0.6000000000000001	0.00624276836390222
0.8	0.0058753060529967115
1.	0.005331921843912069
1.2000000000000002	0.005017525096582863
1.4000000000000001	0.001782874036362482
1.6	0.011478002375665954
1.8	0.006149322876044106
2.	0.0021534920380692525
2.2	0.007688283418734449
2.4000000000000004	0.008970865032263216
2.6	0.008637989515150941
2.8000000000000003	0.005020792250289875
3.	0.010534743873152478
3.2	0.002781744323477948
3.4000000000000004	0.010038757308715451
3.6	0.005307079891360245
3.8000000000000003	0.0028813661669315972
4.	0.008174544169487387
4.2	0.007008519664673107
4.4	0.00942620460155115
4.6000000000000005	0.0085353015643924
4.800000000000001	0.004490428272060222
5.	0.0025026850330897325
5.2	0.007851258544724888
5.4	0.005793271375051493
5.6000000000000005	0.002555630811709211
5.800000000000001	0.008704910503713798
6.	0.008592130188069431
6.2	0.009831232727491958
6.4	0.005180133529067123
6.6000000000000005	0.011047422134573883
6.800000000000001	0.0060649624151475805
7.	0.008275832178035382
7.2	0.006782334849958804
7.4	0.006961705218092704
7.6000000000000005	0.006813593794783475
7.800000000000001	0.009000433463727631
8.	0.007524844965330951
8.200000000000001	0.0088487232132459
8.4	0.00889341541246012
8.6	0.010182935799831424
8.8	0.01122303246883187
9.	0.011579707052910821
9.200000000000001	0.010855336921856203
9.4	0.006732262451391948
9.600000000000001	0.0055454420880492695
9.8	0.007829256632760292
10.	0.00855909913687518
10.200000000000001	0.008820444818817318
10.4	0.015574070995241794
10.600000000000001	0.010745069154794812
10.8	0.011882934010805557
11.	0.00907355488157527
11.200000000000001	0.009627923185375238
11.4	0.010121129813978271
11.600000000000001	0.007472951276980682
11.8	0.009838096247488815
12.	0.011031545717669634
12.200000000000001	0.011551834081291013
12.4	0.009969453381085697
12.600000000000001	0.013157529019698333
12.8	0.00909565865119571
13.	0.0087817968859367
13.200000000000001	0.010099395678899543
13.4	0.01181019815394058
13.600000000000001	0.010565118447838301
13.8	0.009790021330449122
14.	0.010303659050091778
14.200000000000001	0.011152259465440415
14.4	0.015610933972037482
14.600000000000001	0.011519307014344128
14.8	0.012150124388578307
15.	0.01314924460121836
15.200000000000001	0.012268051856403159
15.4	0.015650661602199998
15.600000000000001	0.012223922805636571
15.8	0.01285744987896606
16.	0.011399798557851807
16.2	0.01196677771268258
16.400000000000002	0.012147402003910967
16.6	0.012679929498502277
16.8	0.015171191116220511
17.	0.013219446143131735
17.2	0.014033755473511723
17.400000000000002	0.014614100288224715
17.6	0.013472515072948787
17.8	0.01271928257760158
18.	0.014108994346813923
18.2	0.01554534232347733
18.400000000000002	0.01041276805821045
18.6	0.011740680300123095
18.8	0.014434286328329281
19.	0.013147474043866085
19.200000000000003	0.015000282840987207
19.400000000000002	0.012048380727530365
19.6	0.016087363634550184
19.8	0.01252545367754224
20.	0.012557599733450173
20.200000000000003	0.014066154737431294
20.400000000000002	0.013240084899564564
20.6	0.01612599208821058
20.8	0.012942969359882196
21.	0.015136915723858405
21.200000000000003	0.013235344129656693
21.400000000000002	0.014829087652581119
21.6	0.015539396110347381
21.8	0.014534051532838429
22.	0.012824149163925727
22.200000000000003	0.01541855706932196
22.400000000000002	0.013793388753028756
22.6	0.012649614955452812
22.8	0.014861602767587042
23.	0.01336901485616941
23.200000000000003	0.015494429697144036
23.400000000000002	0.01686599061241897
23.6	0.016082498487788116
23.8	0.014722969226108986
24.	0.013905832739358977
24.200000000000003	0.01527477357186196
24.400000000000002	0.013037584291481647
24.6	0.015651955008750704
24.8	0.013953154869550602
25.	0.01348035616259362
25.200000000000003	0.014824649566597764
25.400000000000002	0.014328988165480878
25.6	0.014757154124033405
25.8	0.015710929045753733
26.	0.015510228569976525
26.200000000000003	0.014915406134430377
26.400000000000002	0.01401341299361751
26.6	0.015205633271801966
26.8	0.013635346957288868
27.	0.015213692875691222
27.200000000000003	0.015402559543941312
27.400000000000002	0.014138722633316662
27.6	0.012576908103505471
27.8	0.015211264889681496
28.	0.014063858431557281
28.200000000000003	0.015849438006041123
28.400000000000002	0.013407877959226204
28.6	0.014983352442999594
28.8	0.013774156648794594
29.	0.017021893441049974
29.200000000000003	0.014541333758618396
29.400000000000002	0.013847144544903302
29.6	0.01442123737856162
29.8	0.014083132916096351
30.	0.01506221878129577
30.200000000000003	0.013843382166804408
30.400000000000002	0.015864643748088735
30.6	0.015461641025595125
30.8	0.013794030389122455
31.	0.014931348643655305
31.200000000000003	0.014187666602382914
31.400000000000002	0.015150780770142518
31.6	0.015649985514543895
31.8	0.015078686391723104
32.	0.014283948689372328
32.2	0.014113834758652537
32.4	0.01324236211019017
32.6	0.01402417574197821
32.800000000000004	0.014769855561726103
33.	0.01471659457607723
33.2	0.014543247307183257
33.4	0.014774967070707782
33.6	0.014345045769852278
33.800000000000004	0.014723692065129116
34.	0.014385340938469408
34.2	0.013504841309207405
34.4	0.0140943043090964
34.6	0.015268178063230395
34.800000000000004	0.014398778392552632
35.	0.012933126080413852
35.2	0.013936059308814181
35.4	0.01424277197031156
35.6	0.014093152018262039
35.800000000000004	0.01396476252367136
36.	0.013497441855916632
36.2	0.014097163829908619
36.4	0.013781886489256564
36.6	0.01285532722005515
36.800000000000004	0.014160285874784654
37.	0.01341203715353644
37.2	0.013153224623937157
37.4	0.013738260966172392
37.6	0.013413959151727389
37.800000000000004	0.013405624130748422
38.	0.013809584825623595
38.2	0.013490861605743731
38.400000000000006	0.013228831582194558
38.6	0.011983462105560436
38.800000000000004	0.013363775690286815
39.	0.01340236000831529
39.2	0.013364551818598506
39.400000000000006	0.013995825649720411
39.6	0.012889709822381475
39.800000000000004	0.012890707976276998
40.	0.012797344034153021
40.2	0.012723467694499342
40.400000000000006	0.013021598420318478
40.6	0.012368547050292052
40.800000000000004	0.012577240295212804
41.	0.01235666129670109
41.2	0.0128028031745115
41.400000000000006	0.012955366367680922
41.6	0.012512921322718562
41.800000000000004	0.01354538583329464
42.	0.012195908656135067
42.2	0.012273115636562032
42.400000000000006	0.012588450982688746
42.6	0.0123582699188789
42.800000000000004	0.01193269175378751
43.	0.011488284423450705
43.2	0.01222027194392665
43.400000000000006	0.01149435799389816
43.6	0.01291551650819682
43.800000000000004	0.011620278437961309
44.	0.011475507615045497
44.2	0.011668039805052306
44.400000000000006	0.011669992801640805
44.6	0.011218390753809544
44.800000000000004	0.011620855838042106
45.	0.010923323776084109
45.2	0.010901673583014401
45.400000000000006	0.011425750846890145
45.6	0.01154987184720688
45.800000000000004	0.011095717693569804
46.	0.010651871282464425
46.2	0.010958290127126786
46.400000000000006	0.010712295634674938
46.6	0.010950073641663673
46.800000000000004	0.011071628290572169
47.	0.01172383482587034
47.2	0.011030809930732926
47.400000000000006	0.011216392500783833
47.6	0.011219193808427749
47.800000000000004	0.010546213003955586
48.	0.01028083169478032
48.2	0.011225657764772638
48.400000000000006	0.010737948127877194
48.6	0.010434715001829709
48.800000000000004	0.010837374367406654
49.	0.009805904275059028
49.2	0.010108364696054474
49.400000000000006	0.010372417056318072
49.6	0.010269252941862766
49.800000000000004	0.010247489133138946
50.	0.009784227753351743
50.2	0.009594511397825805
50.400000000000006	0.0101079079753059
50.6	0.009815302838195017
50.800000000000004	0.009487480456056374
51.	0.009598812972932294
51.2	0.009148774414908363
51.400000000000006	0.00946605758597006
51.6	0.009778289933689614
51.800000000000004	0.00937299499375342
52.	0.009787416814966594
52.2	0.008898041370803838
52.400000000000006	0.009150107221374632
52.6	0.009045792279385506
52.800000000000004	0.00894873267192672
53.	0.008934682066964962
53.2	0.009067609620792942
53.400000000000006	0.009160716225893126
53.6	0.00872177954050198
53.800000000000004	0.009284004934502476
54.	0.009250048776248718
54.2	0.008714644792282282
54.400000000000006	0.00862796289339688
54.6	0.00885398006780708
54.800000000000004	0.008510031642314867
55.	0.008471672520199033
55.2	0.008328124958523973
55.400000000000006	0.00863997212516123
55.6	0.008287189982686476
55.800000000000004	0.008178390118767987
56.	0.008574424749211666
56.2	0.00841639973350368
56.400000000000006	0.008286708209695622
56.6	0.008388053895162506
56.800000000000004	0.008249671200297244
57.	0.008259225427492583
57.2	0.007886736117066275
57.400000000000006	0.007862758772504511
57.6	0.007748625634165913
57.800000000000004	0.007543871334239109
58.	0.007661275136765287
58.2	0.007908490769123712
58.400000000000006	0.00805143836235369
58.6	0.00810633421664497
58.800000000000004	0.0074524925200086705
59.	0.007773431957647666
59.2	0.007708847694179363
59.400000000000006	0.007612903994424454
59.6	0.007288079754576643
59.800000000000004	0.007423681894927737
60.	0.007639094434378384
60.2	0.007226622199988853
60.400000000000006	0.0072265454208506625
60.6	0.00710943287193586
60.800000000000004	0.00730830589117652
61.	0.007516179828423618
61.2	0.00693400154564695
61.400000000000006	0.006857570146828096
61.6	0.007128037668288499
61.800000000000004	0.006744822508603928
62.	0.0070975976406593335
62.2	0.006929277526877505
62.400000000000006	0.007065525850610998
62.6	0.006592028344451704
62.800000000000004	0.006760432250173338
63.	0.006749445180939123
63.2	0.006782308204916924
63.400000000000006	0.006734228478205757
63.6	0.006665577098435664
63.800000000000004	0.0067002001077705415
64.	0.006585560469166794
64.2	0.0064844467509936835
64.4	0.006607227853670521
64.60000000000001	0.006383710468062529
64.8	0.006584816539914916
65.	0.006244512471259124
65.2	0.006527338465566898
65.4	0.006593217840051983
65.60000000000001	0.006399253285484807
65.8	0.006551597194786826
66.	0.006205216575101549
66.2	0.00625052765662502
66.4	0.006196121789651919
66.60000000000001	0.006402527600782811
66.8	0.006105853574702727
67.	0.006269675073835354
67.2	0.005940465357238007
67.4	0.006146030964949535
67.60000000000001	0.006054714412162473
67.8	0.006017685161740317
68.	0.005909028579236643
68.2	0.0059562945927262925
68.4	0.005918187003044313
68.60000000000001	0.005567876491207134
68.8	0.0057957585562470664
69.	0.005718880241980137
69.2	0.005476500377627361
69.4	0.005700567534047899
69.60000000000001	0.005785846584220515
69.8	0.005484888917754932
70.	0.005750492569606482
70.2	0.005434444170989272
70.4	0.005619770674890031
70.60000000000001	0.005816483611891359
70.8	0.005502217176623268
71.	0.005343369544676101
71.2	0.005746606980480886
71.4	0.005517020489537147
71.60000000000001	0.005282699927631482
71.8	0.005387318248192834
72.	0.005216361237613671
72.2	0.005090716658385498
72.4	0.005289287714827716
72.60000000000001	0.005111235832686877
72.8	0.005315569241200246
73.	0.00520074474155529
73.2	0.00531583553219432
73.4	0.005280357075835184
73.60000000000001	0.005028115142587787
73.8	0.0049447365419683295
74.	0.004909039749578276
74.2	0.005015637964132625
74.4	0.005034434104785506
74.60000000000001	0.005085065687453755
74.8	0.005115385398708723
75.	0.00500425583688045
75.2	0.004767338035128662
75.4	0.004858293145238803
75.60000000000001	0.004927308176822942
75.8	0.004940362743869681
76.	0.004976264054297495
76.2	0.004838036642135721
76.4	0.004801607145992753
76.60000000000001	0.004752645535131405
76.80000000000001	0.0046570040208794
77.	0.004683656085398132
77.2	0.004646511717738888
77.4	0.004740168205361227
77.60000000000001	0.004810361415020529
77.80000000000001	0.004610454952296794
78.	0.004717967487429132
78.2	0.004559676450043685
78.4	0.004623643875369016
78.60000000000001	0.0044957937604024
78.80000000000001	0.004570558555939101
79.	0.004456214492115174
79.2	0.004457788891871125
79.4	0.004592836681586229
79.60000000000001	0.004393927727056653
79.80000000000001	0.004535545634240219
80.	0.004393715456371575
80.2	0.004525897316895525
80.4	0.004371028907880076
80.60000000000001	0.0044445322037210706
80.80000000000001	0.004379702413544785
81.	0.004324888860745026
81.2	0.004357116224139768
81.4	0.004344696473456657
81.60000000000001	0.004249832126016359
81.80000000000001	0.004117817496006648
82.	0.004072619723725304
82.2	0.004215269804403547
82.4	0.004355692595600778
82.60000000000001	0.004109698764892826
82.80000000000001	0.0042286399596253845
83.	0.004269611249588398
83.2	0.0041654027087057776
83.4	0.0039942851386264204
83.60000000000001	0.004065443646088389
83.80000000000001	0.004129112397868211
84.	0.004186864133988665
84.2	0.004098929247190709
84.4	0.004027341938719087
84.60000000000001	0.004121562873971744
84.80000000000001	0.0040128525160509475
85.	0.004050792460331803
85.2	0.00411970711489309
85.4	0.0039556207339277415
85.60000000000001	0.003957170278879569
85.80000000000001	0.0038620083511406262
86.	0.003915933590749395
86.2	0.004002390644667499
86.4	0.003973930785555275
86.60000000000001	0.0038133985977914977
86.80000000000001	0.00390680016922651
87.	0.00393065357693069
87.2	0.003833557087777287
87.4	0.003809728208057368
87.60000000000001	0.003706852548831946
87.80000000000001	0.003763420199319119
88.	0.003769653470849056
88.2	0.003862669585317705
88.4	0.0038203329666264647
88.60000000000001	0.003706620002985243
88.80000000000001	0.003764245345177024
89.	0.00365630874430413
89.2	0.0037132662098932783
89.4	0.0037695830018336695
89.60000000000001	0.0037243301538905796
89.80000000000001	0.0036896103075953848
90.	0.0036674408904101828
90.2	0.003608680974557942
90.4	0.003645505246946196
90.60000000000001	0.0035964130469979183
90.80000000000001	0.003732659474591789
91.	0.0034207511513127146
91.2	0.0036216131524687612
91.4	0.003490644330175667
91.60000000000001	0.0034710325088587726
91.80000000000001	0.0036404086170181782
92.	0.0034971432753113474
92.2	0.0034495008188753368
92.4	0.003573754329406309
92.60000000000001	0.0035893579572677556
92.80000000000001	0.0034191719628321646
93.	0.0035824785110765197
93.2	0.0033513775877021842
93.4	0.0034699375636944143
93.60000000000001	0.0034137260540718635
93.80000000000001	0.0032854631895388323
94.	0.0033950888714142594
94.2	0.0035041157676091433
94.4	0.0034032742424339054
94.60000000000001	0.0033910898469762343
94.80000000000001	0.003443921764963722
95.	0.003395860158903513
95.2	0.003260596062245155
95.4	0.003272183877211166
95.60000000000001	0.0034643774963001688
95.80000000000001	0.00325453739805873
96.	0.003321051985210969
96.2	0.0033500458552568144
96.4	0.0033992043448103984
96.60000000000001	0.003311280396151863
96.80000000000001	0.003216251518205465
97.	0.0033077896542760108
97.2	0.003251031905539725
97.4	0.0032035228958742002
97.60000000000001	0.003159256912504141
97.80000000000001	0.0031894767991332306
98.	0.0032287904186711876
98.2	0.0032616624308357835
98.4	0.003052980047432231
98.60000000000001	0.003312094218710818
98.80000000000001	0.003134898405028994
99.	0.0031380914925259046
99.2	0.0031954926943118154
99.4	0.0032768306998513363
99.60000000000001	0.0031226388322166433
99.80000000000001	0.0031238792808459407
100.	0.003114928923767024
100.2	0.0030919788251577702
100.4	0.003059077816724274
100.60000000000001	0.003159376434342167
100.80000000000001	0.002983010058645677
101.	0.0030010774509648393
101.2	0.003025458124291318
101.4	0.0031138344269454705
101.60000000000001	0.003021740607523117
101.80000000000001	0.0030657380679947202
102.	0.0031706990871390294
102.2	0.002940209928467795
102.4	0.003042104998818567
102.60000000000001	0.0030125936762077856
102.80000000000001	0.00302261263193312
103.	0.0029844681907338863
103.2	0.0030604135372066226
103.4	0.0030264841702099796
103.60000000000001	0.0030196656430547665
103.80000000000001	0.002994409651206108
104.	0.0030185872779645664
104.2	0.003003890903803307
104.4	0.002941651435339569
104.60000000000001	0.003018290462122791
104.80000000000001	0.0029822940298039878
105.	0.0030297731264705046
105.2	0.0030246855326820812
105.4	0.002912877912697302
105.60000000000001	0.0028228614376525855
105.80000000000001	0.002864334517802348
106.	0.002839987876071442
106.2	0.002818893175976183
106.4	0.0028231747696239426
106.60000000000001	0.002932147577095636
106.80000000000001	0.0028791939655882413
107.	0.002826508636163363
107.2	0.002879596436467484
107.4	0.0028393693653563376
107.60000000000001	0.0028109327839948278
107.80000000000001	0.002833793050575759
108.	0.0027878172152677543
108.2	0.0028228629164255767
108.4	0.002852255122007739
108.60000000000001	0.0027232242148711185
108.80000000000001	0.0027995431280666023
109.	0.0026795369599142633
109.2	0.002727332305194952
109.4	0.0028117095898058087
109.60000000000001	0.0027428269266085263
109.80000000000001	0.0027949700048916348
110.	0.002710216027013985
110.2	0.002737315852968729
110.4	0.0027459239265466588
110.60000000000001	0.002714301553987356
110.80000000000001	0.002753815184090255
111.	0.0026785263464024736
111.2	0.002728516994400906
111.4	0.0027080440792930215
111.60000000000001	0.0027331396195982467
111.80000000000001	0.0026694981533753924
112.	0.0027575346149124372
112.2	0.002664469526153202
112.4	0.002665364569065216
112.60000000000001	0.002664633701519094
112.80000000000001	0.002671855033183299
113.	0.0026050861188204617
113.2	0.002699500695983406
113.4	0.002604362193122825
113.60000000000001	0.0026168878969186015
113.80000000000001	0.0025892895424792354
114.	0.0027016041076031077
114.2	0.002601874061004011
114.4	0.002549109398602755
114.60000000000001	0.002667639518925774
114.80000000000001	0.002672822922822337
115.	0.002647392106213551
115.2	0.0026034092658830305
115.4	0.0026146587366850244
115.60000000000001	0.0025397962515427753
115.80000000000001	0.0025382424269298604
116.	0.002497424741708018
116.2	0.0025600903792508214
116.4	0.0024895717561798807
116.60000000000001	0.002503906174816103
116.80000000000001	0.0024755960878820172
117.	0.00250189517463585
117.2	0.00253273173592741
117.4	0.002565695157304303
117.60000000000001	0.002459255805302543
117.80000000000001	0.00249480032419155
118.	0.0025606664027699204
118.2	0.0025373363520106
118.4	0.0024380495643746124
118.60000000000001	0.002490960900989904
118.80000000000001	0.002452811024223545
119.	0.002524338417300808
119.2	0.0024951416204695713
119.4	0.0024582184619985135
119.60000000000001	0.0024667086121164038
119.80000000000001	0.002460687007852964
120.	0.002408098044561515
120.2	0.00245631418014894
120.4	0.0024344728343444508
120.60000000000001	0.002430203963366251
120.80000000000001	0.0025013270722683265
121.	0.0023988304297781118
121.2	0.0023996288169579267
121.4	0.002412007492694448
121.60000000000001	0.0024323090665418576
121.80000000000001	0.00244299344550852
122.	0.0024351418632548704
122.2	0.0023912044104017855
122.4	0.0023748749506356955
122.60000000000001	0.002415960184822371
122.80000000000001	0.0024148134742330053
123.	0.0024302055689403605
123.2	0.002427396755362429
123.4	0.0023978819878896157
123.60000000000001	0.002375590559953654
123.80000000000001	0.0023754174880230437
124.	0.002320063653114854
124.2	0.0023875165466222033
124.4	0.0023372472020740886
124.60000000000001	0.0023289782664403305
124.80000000000001	0.0022721705348859086
125.	0.0023650997908762393
125.2	0.002401914694701848
125.4	0.0023122559941001312
125.60000000000001	0.0023920002774112134
125.80000000000001	0.0023336178173244547
126.	0.0023364633885320546
126.2	0.0022808859615246896
126.4	0.0022415526122463885
126.60000000000001	0.0022857058392400558
126.80000000000001	0.00231385653686927
127.	0.002280286265742681
127.2	0.002295155064005022
127.4	0.00229083097392062
127.60000000000001	0.00227327540038801
127.80000000000001	0.002262972435413417
128.	0.002243132365500232
128.20000000000002	0.002267408631873112
128.4	0.0022344504027818858
128.6	0.0022632830199205657
128.8	0.002310601450561983
129.	0.0021948269622332852
129.20000000000002	0.002314777743105781
129.4	0.0022649365315787554
129.6	0.00226740282649167
129.8	0.0022397435593724535
130.	0.0022164091930457906
130.20000000000002	0.0022202266788126637
130.4	0.0022352046676183896
130.6	0.0022190159066793834
130.8	0.0021595932061383343
131.	0.002220540073099289
131.20000000000002	0.002281179997672356
131.4	0.002169692630820556
131.6	0.002249068421560596
131.8	0.0022248375120295164
132.	0.0022123430740745432
132.20000000000002	0.0022001975584495
132.4	0.0021739669315144717
132.6	0.002179382688680496
132.8	0.0021511269050953396
133.	0.002134381432513018
133.20000000000002	0.0021917300078276754
133.4	0.00218035824756787
133.6	0.0022088528964730853
133.8	0.0021800963602199423
134.	0.0021785138089742357
134.20000000000002	0.00213801369914041
134.4	0.002147390731907594
134.6	0.002121917229251809
134.8	0.0021301341753823875
135.	0.002071969577037628
135.20000000000002	0.0021501259510596656
135.4	0.002190041944810213
135.6	0.002095099978311587
135.8	0.0021513720878467246
136.	0.0021522310828117064
136.20000000000002	0.002058560252199068
136.4	0.0021335883133499676
136.6	0.002140890619065035
136.8	0.002103725106699155
137.	0.002123643121573035
137.20000000000002	0.002062610347401034
137.4	0.002104524085718893
137.6	0.0021276157057227877
137.8	0.002092458994070378
138.	0.0021160523487617432
138.20000000000002	0.002145799982738039
138.4	0.0020697566638081285
138.6	0.0020610316904394296
138.8	0.002024359121608563
139.	0.002036845995561006
139.20000000000002	0.002051157904926787
139.4	0.0020292066147345298
139.6	0.0020598458796898676
139.8	0.0020324035470698047
140.	0.0021160331017367625
140.20000000000002	0.0020387349449951667
140.4	0.002017205876836939
140.6	0.002058533110091355
140.8	0.001994275415404026
141.	0.0020023389546645147
141.20000000000002	0.0019679274935469836
141.4	0.0020539540297044214
141.6	0.002010594962223665
141.8	0.0020071318357870955
142.	0.0019732642361284455
142.20000000000002	0.0019814928337840943
142.4	0.001989439570075424
142.6	0.002030894082392059
142.8	0.0019925309477705558
143.	0.002005409721958614
143.20000000000002	0.0020183405074303273
143.4	0.0019445346207755398
143.6	0.002000172534495495
143.8	0.0019733307960179223
144.	0.0020240061394448698
144.20000000000002	0.0019905650019436142
144.4	0.0019561116148495757
144.6	0.0019458208570054473
144.8	0.0019682188822181712
145.	0.001939004743231381
145.20000000000002	0.0019151767064735919
145.4	0.0019503857819155462
145.6	0.0019527086939633766
145.8	0.001967104013811637
146.	0.0019446989232094103
146.20000000000002	0.001974550405409391
146.4	0.0019229723528302698
146.6	0.001955804991188698
146.8	0.0019159232771233067
147.	0.001916484696435805
147.20000000000002	0.0019111894308577709
147.4	0.0019364411794309147
147.6	0.0019418801008657628
147.8	0.0019268947185096376
148.	0.0018933206283908723
148.20000000000002	0.0019253923797946475
148.4	0.0018667315139665494
148.6	0.0018990042709930495
148.8	0.0019066645460284895
149.	0.0018979602145048347
149.20000000000002	0.0019053815979469708
149.4	0.0018792977038099325
149.6	0.001851286706703556
149.8	0.0019101262932285747
150.	0.0019505267504727629
150.20000000000002	0.0018894960875379047
150.4	0.0018129894907166263
150.6	0.0019014593326801197
150.8	0.0018776042576031508
151.	0.0019099693413920826
151.20000000000002	0.0018542445896479688
151.4	0.0018932913038891205
151.6	0.0018875690063677951
151.8	0.0018438398777289415
152.	0.0018689281100514258
152.20000000000002	0.0018179942204815727
152.4	0.0017825661996438843
152.6	0.0018045127292192515
152.8	0.0018235642981192948
153.	0.0018156124565900107
153.20000000000002	0.0018337515019175635
153.4	0.0018523214295907758
153.60000000000002	0.0018437763365286922
153.8	0.0018475244938430157
154.	0.001811345969017244
154.20000000000002	0.0018644657314646133
154.4	0.0018687868499945024
154.60000000000002	0.0018405622548654584
154.8	0.0017852708074816892
155.	0.0018188173640123577
155.20000000000002	0.0018539546523394337
155.4	0.0018068663750249014
155.60000000000002	0.0018349842213488056
155.8	0.0018059464884564573
156.	0.0018060495691061297