0.	0.004628652510801308
0.2	0.0011673918114338629
0.4	0.003577523970877884
0.6000000000000001	0.0027333068837377124
0.8	0.004988803464452218
1.	0.0036293219181621253
1.2000000000000002	0.0007656698334571103
1.4000000000000001	0.0030463346661479913
1.6	0.0033403571019917223
1.8	0.0006569558943526938
2.	0.0025813029536930457
2.2	0.00492589074222563
2.4000000000000004	0.003899107374750342
2.6	0.0035913976896397564
2.8000000000000003	0.0009943844574725222
3.	0.002737326364100496
3.2	0.004657900382650447
3.4000000000000004	0.004564815879942863
3.6	0.0037786918373364183
3.8000000000000003	0.004116483195353433
4.	0.005056359659167297
4.2	0.003376899970098478
4.4	0.003024914566396587
4.6000000000000005	0.004369614879391751
4.800000000000001	0.004862256745517638
5.	0.0019724610140261
5.2	0.003577037465195002
5.4	0.003964112035510086
5.6000000000000005	0.007083402470196529
5.800000000000001	0.006388542222378892
6.	0.00303025421583596
6.2	0.003630371602476876
6.4	0.004160093051595984
6.6000000000000005	0.0055027218314772156
6.800000000000001	0.0059676313320581355
7.	0.0043322994203322225
7.2	0.004829124501483208
7.4	0.005655706158508634
7.6000000000000005	0.009758156558548685
7.800000000000001	0.006877277165396509
8.	0.007562291636660815
8.200000000000001	0.0050361225098674075
8.4	0.0073758246285991255
8.6	0.005948537242810689
8.8	0.0049666899342121935
9.	0.005625979818904413
9.200000000000001	0.008292505383341663
9.4	0.007126757571701204
9.600000000000001	0.008050614628063496
9.8	0.007615538916927037
10.	0.006325712765955752
10.200000000000001	0.008754938827118934
10.4	0.01137632723149794
10.600000000000001	0.006981464665641161
10.8	0.009373553869959349
11.	0.011484348537462174
11.200000000000001	0.008832869596871242
11.4	0.007494573318958551
11.600000000000001	0.011022442789083046
11.8	0.01082869808818677
12.	0.010402114789191052
12.200000000000001	0.010262341405285043
12.4	0.010353242240438982
12.600000000000001	0.00789232327540759
12.8	0.008763861989893217
13.	0.013562459862689499
13.200000000000001	0.007721428546069541
13.4	0.009548013354435508
13.600000000000001	0.007847092253056274
13.8	0.012044284197808147
14.	0.011327811711867194
14.200000000000001	0.01192432543845117
14.4	0.01272262626981424
14.600000000000001	0.012748929361103167
14.8	0.009380660261534135
15.	0.011829457317678586
15.200000000000001	0.012969708836745048
15.4	0.012101688695886946
15.600000000000001	0.010668176038554147
15.8	0.01310059551553673
16.	0.01124810008837254
16.2	0.015441298313759675
16.400000000000002	0.010975175025926672
16.6	0.012196715079500686
16.8	0.010491736035533937
17.	0.01313801410335217
17.2	0.014986397304223159
17.400000000000002	0.016796069599761845
17.6	0.014770118326584272
17.8	0.011776027731050876
18.	0.013096287583719947
18.2	0.014700366471543824
18.400000000000002	0.01632635819775517
18.6	0.015195030584461896
18.8	0.015633009321767952
19.	0.014460082078374972
19.200000000000003	0.015348953448354578
19.400000000000002	0.01848191405384283
19.6	0.01615296800695334
19.8	0.015718203466905337
20.	0.014298012594816433
20.200000000000003	0.014389049554951537
20.400000000000002	0.013261528627946544
20.6	0.016191501811135045
20.8	0.016708344644533604
21.	0.014925966594212817
21.200000000000003	0.016605531032263032
21.400000000000002	0.017667462805364575
21.6	0.013887317938416731
21.8	0.017523767058477933
22.	0.01465194413023321
22.200000000000003	0.019128812061865924
22.400000000000002	0.018601361524281327
22.6	0.020615315364615344
22.8	0.018194925679823816
23.	0.018091439820154417
23.200000000000003	0.018699404521795773
23.400000000000002	0.018110536509504664
23.6	0.019664186861419106
23.8	0.018957304775786693
24.	0.02018934795141066
24.200000000000003	0.01776115265907291
24.400000000000002	0.020302702361411636
24.6	0.019243168216786694
24.8	0.02080689285624423
25.	0.02025129175875445
25.200000000000003	0.018490052400256536
25.400000000000002	0.016017248694179646
25.6	0.018617027022420164
25.8	0.01989544798004275
26.	0.017484825659663764
26.200000000000003	0.018981115234580032
26.400000000000002	0.018646615512289067
26.6	0.021476225998974047
26.8	0.02164048632880874
27.	0.020502302134865754
27.200000000000003	0.020173485689960625
27.400000000000002	0.02056013705888903
27.6	0.018291071051427743
27.8	0.02217980492034699
28.	0.02095882443480784
28.200000000000003	0.02203419427782236
28.400000000000002	0.02422049087296436
28.6	0.02402988799935465
28.8	0.021282895043554607
29.	0.021069174815970402
29.200000000000003	0.018434160962532375
29.400000000000002	0.022695691403238634
29.6	0.021171271067727374
29.8	0.02016627187959947
30.	0.023735528368698616
30.200000000000003	0.022124752928597235
30.400000000000002	0.023537651874227763
30.6	0.02446135280473019
30.8	0.02265344726182363
31.	0.022156231607401284
31.200000000000003	0.019926872164880777
31.400000000000002	0.02260328304034315
31.6	0.02063223019476842
31.8	0.023095611255745725
32.	0.021802992152861873
32.2	0.02189490260568652
32.4	0.0236719912031415
32.6	0.020015033383186137
32.800000000000004	0.022139663490396342
33.	0.022632956350149305
33.2	0.023917639043142477
33.4	0.02081380711739338
33.6	0.02104716097652546
33.800000000000004	0.023163821096815747
34.	0.022782374647257256
34.2	0.022733080471975753
34.4	0.02148957402555413
34.6	0.0210087918006885
34.800000000000004	0.023105502332973527
35.	0.022426054801554914
35.2	0.022329230576881475
35.4	0.02379545618464892
35.6	0.021037928878155244
35.800000000000004	0.021731634554716342
36.	0.02395879739861047
36.2	0.020145936557880818
36.4	0.021613145035807545
36.6	0.02155125772898067
36.800000000000004	0.021012601744356377
37.	0.021799006851154108
37.2	0.02192598818151041
37.4	0.020596239915710485
37.6	0.022315942555217804
37.800000000000004	0.022824148922491246
38.	0.022638715738048425
38.2	0.021587115106778094
38.400000000000006	0.023754560089540005
38.6	0.019572369651857043
38.800000000000004	0.0228187564812697
39.	0.02053396148007876
39.2	0.021526311866314506
39.400000000000006	0.021687003434989895
39.6	0.02129808463519724
39.800000000000004	0.022275651004361744
40.	0.020911052845941348
40.2	0.020678391851569503
40.400000000000006	0.021150325231720547
40.6	0.021318253128659002
40.800000000000004	0.02160685283468962
41.	0.020483280375341847
41.2	0.019450161459518153
41.400000000000006	0.020499177034047626
41.6	0.020933932921664417
41.800000000000004	0.021813949463891934
42.	0.02010319001190936
42.2	0.02048583960745556
42.400000000000006	0.02086746561311496
42.6	0.020297130432435785
42.800000000000004	0.020789455672023165
43.	0.020281235335618136
43.2	0.019157459160824567
43.400000000000006	0.020137171670330665
43.6	0.018033348675365494
43.800000000000004	0.02049181405010197
44.	0.02045116426426472
44.2	0.02115223114833139
44.400000000000006	0.02093243683844116
44.6	0.019485351762051507
44.800000000000004	0.019887693887858878
45.	0.019188261873657776
45.2	0.018208940772457403
45.400000000000006	0.019400365458382758
45.6	0.017685517829685957
45.800000000000004	0.019575225870812174
46.	0.01861364096384491
46.2	0.017531750657615898
46.400000000000006	0.017385621479424046
46.6	0.019135597656370826
46.800000000000004	0.01678543901344877
47.	0.017078185742394194
47.2	0.019865732551690583
47.400000000000006	0.01656246430313113
47.6	0.018441833185800626
47.800000000000004	0.01845000315205125
48.	0.01726957967439067
48.2	0.015800323148541042
48.400000000000006	0.017299423238434492
48.6	0.019472525386922547
48.800000000000004	0.016021471146500033
49.	0.017548147713532167
49.2	0.015644742387884953
49.400000000000006	0.017210062112390238
49.6	0.015787046832168857
49.800000000000004	0.016318099159215
50.	0.015830726557514718
50.2	0.01556655077260968
50.400000000000006	0.015579056376176514
50.6	0.015428882685872
50.800000000000004	0.01444367209014549
51.	0.01466630664682704
51.2	0.016694625626880722
51.400000000000006	0.014504923410155402
51.6	0.014429605537810935
51.800000000000004	0.014773452856348216
52.	0.013850409241838623
52.2	0.012145778896093362
52.400000000000006	0.014331976565292072
52.6	0.014167742653356151
52.800000000000004	0.015019348917312915
53.	0.013424615904521155
53.2	0.013937789511611396
53.400000000000006	0.013103495440561594
53.6	0.012300747544198402
53.800000000000004	0.015119503093009206
54.	0.012121741318854686
54.2	0.012822903321117733
54.400000000000006	0.012551897483779313
54.6	0.012222150258543516
54.800000000000004	0.011809424659084293
55.	0.01151562209768997
55.2	0.012314305202064738
55.400000000000006	0.01304753226040529
55.6	0.014213277575982114
55.800000000000004	0.010769269566895718
56.	0.010876962355475575
56.2	0.011067360064781413
56.400000000000006	0.009330468526510169
56.6	0.010994237370604483
56.800000000000004	0.009900432644291267
57.	0.010792673639033655
57.2	0.010632462513466636
57.400000000000006	0.009345273476495582
57.6	0.011034628070233836
57.800000000000004	0.011408366476674639
58.	0.010464040813015767
58.2	0.009667261127774687
58.400000000000006	0.010205199396831621
58.6	0.011060875202299274
58.800000000000004	0.010090375935602332
59.	0.00962841950024846
59.2	0.010913238456986147
59.400000000000006	0.0091268324822923
59.6	0.009744156295897123
59.800000000000004	0.008684742935302013
60.	0.010049260543963838
60.2	0.008678586842859099
60.400000000000006	0.008825018647886205
60.6	0.008093527673724146
60.800000000000004	0.007178859223946851
61.	0.0077966959297694005
61.2	0.00853074425902469
61.400000000000006	0.008651620709438427
61.6	0.008057325218082315
61.800000000000004	0.0073692617479969
62.	0.008843082408156042
62.2	0.009649827035823828
62.400000000000006	0.008200041243242955
62.6	0.006402724734865674
62.800000000000004	0.008434569533350561
63.	0.0070652527323267844
63.2	0.007720232432089265
63.400000000000006	0.008245276946628273
63.6	0.007391367471725852
63.800000000000004	0.006764495933798571
64.	0.0072566834548851
64.2	0.0065841921603218495
64.4	0.006897266455677378
64.60000000000001	0.006893305769695113
64.8	0.0060885376475220306
65.	0.007070500658906389
65.2	0.00652607807101035
65.4	0.0064713051519106005
65.60000000000001	0.00614336997522129
65.8	0.0057402892564798365
66.	0.005892912101804711
66.2	0.006357229902327864
66.4	0.005311801670454466
66.60000000000001	0.005810413439682843
66.8	0.005717718107424373
67.	0.004813048859710736
67.2	0.005432191504024582
67.4	0.004999088915429937
67.60000000000001	0.0044441420565673375
67.8	0.005811535295665141
68.	0.0048325762655717
68.2	0.005489283298725873
68.4	0.005502409724446448
68.60000000000001	0.004524122619698623
68.8	0.0042259892215827525
69.	0.00414220733331707
69.2	0.004423812544607803
69.4	0.004536479900525566
69.60000000000001	0.004587609047823268
69.8	0.004814799895282851
70.	0.004007462049194459
70.2	0.0044686417543944625
70.4	0.004068521179006839
70.60000000000001	0.0040694545815179945
70.8	0.0036741942518591143
71.	0.004395546463471043
71.2	0.004726220174351943
71.4	0.0035881108838286303
71.60000000000001	0.004057823536165387
71.8	0.003659548008901477
72.	0.003768630902005395
72.2	0.0037363050239017717
72.4	0.0034349407809154946
72.60000000000001	0.003687489333219408
72.8	0.003435031375483631
73.	0.0033612723917944946
73.2	0.003357439152932489
73.4	0.002836857865755863
73.60000000000001	0.0036068011108983623
73.8	0.003515105978101583
74.	0.002552077518758739
74.2	0.0036797944421295835
74.4	0.00342723507960055
74.60000000000001	0.0026258375010235198
74.8	0.0033845907517628887
75.	0.0025588153877230987
75.2	0.002630417157741337
75.4	0.002908811992944825
75.60000000000001	0.0024309336188910974
75.8	0.0028974833035875407
76.	0.002899560589010952
76.2	0.0028592185762717115
76.4	0.002549746487765173
76.60000000000001	0.0027934530581880473
76.80000000000001	0.0025668630510896373
77.	0.002408430571638266
77.2	0.0023045844241127724
77.4	0.002593524236838381
77.60000000000001	0.0024786198337844426
77.80000000000001	0.002446092930201178
78.	0.00257234063505746
78.2	0.002031684490021979
78.4	0.0021234628328601207
78.60000000000001	0.002040411242238631
78.80000000000001	0.002201727722591564
79.	0.0022202917949346447
79.2	0.0020906769910486243
79.4	0.002014900895459468
79.60000000000001	0.002046933710901586
79.80000000000001	0.002039971275391048
80.	0.0021998342229258695
80.2	0.0015798187176759193
80.4	0.0017223416196020538
80.60000000000001	0.0014975700542535371
80.80000000000001	0.0018697180729626403
81.	0.001801708032060856
81.2	0.0019322369668198166
81.4	0.0017077017231327326
81.60000000000001	0.001604923549355292
81.80000000000001	0.0018868999803289103
82.	0.0016420689389634914
82.2	0.0015199721889129327
82.4	0.0015362617643564925
82.60000000000001	0.00139390472792139
82.80000000000001	0.0014325896470844235
83.	0.0014131418627398743
83.2	0.0013171973254011637
83.4	0.0013829365301194318
83.60000000000001	0.0013380042767493709
83.80000000000001	0.0009722634132708537
84.	0.001368270822088747
84.2	0.0012696936349417035
84.4	0.0012451372217166829
84.60000000000001	0.0014138620875508553
84.80000000000001	0.0013728399645515886
85.	0.0012962526380764067
85.2	0.0012026368322114183
85.4	0.0009473661283333281
85.60000000000001	0.0009875467638468334
85.80000000000001	0.0009594436296759636
86.	0.0011286918475395566
86.2	0.0010523344906430713
86.4	0.0011321546163223688
86.60000000000001	0.001093784453460921
86.80000000000001	0.0009347105890297627
87.	0.0010729627912285805
87.2	0.0007682055167689341
87.4	0.0009114100517884604
87.60000000000001	0.001110513103283261
87.80000000000001	0.0010169380209180178
88.	0.0008625607172687043
88.2	0.0009097548585727
88.4	0.00090207726101135
88.60000000000001	0.0010420842140357383
88.80000000000001	0.0006800821779802343
89.	0.0004956807896638644
89.2	0.0005158390222842567
89.4	0.0006825198667094991
89.60000000000001	0.0006353105586099096
89.80000000000001	0.0009849360863347122
90.	0.0006993752483617264
90.2	0.0008885263168566394
90.4	0.0006897185909840257
90.60000000000001	0.0006626455191224613
90.80000000000001	0.0006658622875184168
91.	0.0006205039345006642
91.2	0.0006275851464722801
91.4	0.000844684638890143
91.60000000000001	0.0005488017081640309
91.80000000000001	0.0005306801977835879
92.	0.0005127634559184583
92.2	0.0006739317515881851
92.4	0.00043274586525769113
92.60000000000001	0.0006934157629431087
92.80000000000001	0.0004781182391946427
93.	0.0004394739505283426
93.2	0.0004232858235760207
93.4	0.0007282020378980294
93.60000000000001	0.0005421556328156612
93.80000000000001	0.000521661844895729
94.	0.0006071924002384807
94.2	0.0004729443753057118
94.4	0.0005980064076161338
94.60000000000001	0.0003688444453087994
94.80000000000001	0.00042985100976080553
95.	0.00047994684614890434
95.2	0.0005029122937989009
95.4	0.00046916316076525845
95.60000000000001	0.0004275687861966435
95.80000000000001	0.0002605584492882407
96.	0.000563379903372458
96.2	0.0003111590739301998
96.4	0.000454205914148386
96.60000000000001	0.0003010021880530525
96.80000000000001	0.00027016622368137585
97.	0.00026932329516701775
97.2	0.00030550956798455173
97.4	0.00041565164766190263
97.60000000000001	0.00035303471716391263
97.80000000000001	0.0003112699034576713
98.	0.00033087721682349865
98.2	0.00025292458879442036
98.4	0.00037464731161337034
98.60000000000001	0.00019388519763175526
98.80000000000001	0.0003022676723423629
99.	0.0002166941706661111
99.2	0.00026129235888249744
99.4	0.0002722745918498449
99.60000000000001	0.00020713593847734087
99.80000000000001	0.0003120737283803987
100.	0.00027245644658347123
100.2	0.00028322918854860774
100.4	0.00020162801926664096
100.60000000000001	0.00030852363042889794
100.80000000000001	0.000174566379139386
101.	0.00028505041606668026
101.2	0.0002749657478594725
101.4	0.00027082629680115256
101.60000000000001	0.00016550045281522988
101.80000000000001	0.0002861031564139372
102.	0.00018720473352837027
102.2	0.00018260848070788104
102.4	0.00016408039759852045
102.60000000000001	0.0001427619251748433
102.80000000000001	0.0002455450050998113
103.	0.00017246371118786658
103.2	0.00020463689560337888
103.4	0.00022369512667003022
103.60000000000001	0.00019068302835849416
103.80000000000001	0.00015744777513318928
104.	0.00014513969838140367
104.2	0.0001368773559847932
104.4	0.00016875435797551486
104.60000000000001	0.00019254596749554648
104.80000000000001	0.00023616696667535427
105.	0.00012590338566156658
105.2	0.0002400003283120839
105.4	0.0001311609234185529
105.60000000000001	0.00017964630215405313
105.80000000000001	0.00020021561556222354
106.	0.00012194370369167707
106.2	0.00012046747443954326
106.4	0.00016050775738351073
106.60000000000001	0.00010081997079925157
106.80000000000001	0.00013590478902651278
107.	0.00012865574827258442
107.2	0.00013204658533426194
107.4	0.00012776440318924503
107.60000000000001	0.00009487081144793901
107.80000000000001	0.00015992735011907604
108.	0.00008388690018528718
108.2	0.00010886213144043639
108.4	0.00009485806301898165
108.60000000000001	0.0001664718270556926
108.80000000000001	0.00008277875493761416
109.	0.00007743427267605451
109.2	0.00008369043307822624
109.4	0.0001452034564391038
109.60000000000001	0.00008502005583791981
109.80000000000001	0.00010156688984536936
110.	0.00009739131983640689
110.2	0.00008782589223257311
110.4	0.00011053615734709736
110.60000000000001	0.00006780138721844834
110.80000000000001	0.00009121432437903586
111.	0.00008664340713241291
111.2	0.00007569270899890824
111.4	0.00007902281343423061
111.60000000000001	0.00008574222414088804
111.80000000000001	0.00011589005828610789
112.	0.00010314481244492484
112.2	0.00006349673219269161
112.4	0.00008054843657161706
112.60000000000001	0.00006259730022486326
112.80000000000001	0.00007011332183445549
113.	0.00007115573053973737
113.2	0.00005216782741367873
113.4	0.000055695849975244906
113.60000000000001	0.00005807749956746801
113.80000000000001	0.00005783891127144878
114.	0.00008729051772333272
114.2	0.000041957155187041804
114.4	0.0000436497011590834
114.60000000000001	0.000046132092453670463
114.80000000000001	0.00004866384390301786
115.	0.00004374436722001071
115.2	0.00003869293862071861
115.4	0.00005560304525703348
115.60000000000001	0.00009410383262945088
115.80000000000001	0.00004973756254366793
116.	0.00004284794761094932
116.2	0.00005669506817024007
116.4	0.000038653911314003
116.60000000000001	0.00004206248090678664
116.80000000000001	0.00004876076239094557
117.	0.00004344630811784403
117.2	0.00005896049755347264
117.4	0.000040984885756610723
117.60000000000001	0.00004278284156172067
117.80000000000001	0.00004304909167440179
118.	0.00006969731295514901
118.2	0.00003184080651128392
118.4	0.000038188567753576555
118.60000000000001	0.000032903142642315873
118.80000000000001	0.00003542511737148331
119.	0.00003375993831775317
119.2	0.00003417834691866997
119.4	0.00002489526196067901
119.60000000000001	0.000043163551214790005
119.80000000000001	0.000031378362190125687
120.	0.0000243257584662771
120.2	0.00002455424626281593
120.4	0.00003173426942717586
120.60000000000001	0.000028711404023666902
120.80000000000001	0.00002487557114116431
121.	0.00005579649021139921
121.2	0.000024783820224949372
121.4	0.00002794336978924337
121.60000000000001	0.000026635282193987197
121.80000000000001	0.000038493858257201405
122.	0.000038429465579031614
122.2	0.000032119846284900904
122.4	0.00002210538858121462
122.60000000000001	0.00002490318479514122
122.80000000000001	0.000024251676570451446
123.	0.00003391434330214745
123.2	0.00002325667036191817
123.4	0.000021038846103173267
123.60000000000001	0.000020329708893060492
123.80000000000001	0.000021819242920013537
124.	0.000019869423390552072
124.2	0.000018259548217285975
124.4	0.000022196613996313684
124.60000000000001	0.00002152291786297678
124.80000000000001	0.000016975466916757004
125.	0.00003137732315968732
125.2	0.00003564875729655063
125.4	0.00001815405732916361
125.60000000000001	0.000015319206623904208
125.80000000000001	0.000013682895350418855
126.	0.000017411588997337776
126.2	0.000019629769479573485
126.4	0.00002919784235678429
126.60000000000001	0.000016850202627026387
126.80000000000001	0.000015948531926858765
127.	0.00001676290265009171
127.2	0.00001188242599464611
127.4	0.000016657345031384797
127.60000000000001	0.000022011897897466895
127.80000000000001	0.000012380662538625828
128.	0.000011555963935771137
128.20000000000002	0.000013064267525075076
128.4	0.000013681471087339261
128.6	0.000017396175773881362
128.8	0.000011594398471153774
129.	0.000015078882248792889
129.20000000000002	0.000016304309125831275
129.4	0.000011662328255149739
129.6	0.000014632159058186865
129.8	8.884100173664147e-6
130.	0.000012450511111390286
130.20000000000002	0.0000116114432249049
130.4	0.000012235454488336187
130.6	9.46012989883201e-6
130.8	7.277916434782032e-6
131.	8.89189718566313e-6
131.20000000000002	0.000015098399406313765
131.4	0.00002599710118714122
131.6	9.954338631023428e-6
131.8	9.149307163876189e-6
132.	7.245126938020063e-6
132.20000000000002	0.000012391465965575306
132.4	0.000011753013731637698
132.6	0.000010956069259490939
132.8	8.650708935824106e-6
133.	0.00001067924521596249
133.20000000000002	9.630624644224494e-6
133.4	0.000012932418046702662
133.6	7.319873129966895e-6
133.8	6.11589766359568e-6
134.	8.142659918803772e-6
134.20000000000002	0.000010127703498047881
134.4	7.726397959869404e-6
134.6	6.21628251863349e-6
134.8	5.7749618592569004e-6
135.	8.043332157250685e-6
135.20000000000002	8.580172363864163e-6
135.4	5.140692174793277e-6
135.6	5.346838225541648e-6
135.8	5.7262103347801715e-6
136.	7.032669523647556e-6
136.20000000000002	5.608162844576631e-6
136.4	4.015746481517543e-6
136.6	5.1164500489506896e-6
136.8	5.4492252374369795e-6
137.	4.364419019345373e-6
137.20000000000002	6.3498219453833265e-6
137.4	3.8657854889157775e-6
137.6	7.494999584712935e-6
137.8	7.105359479800908e-6
138.	4.526230080610723e-6
138.20000000000002	6.831769957575299e-6
138.4	8.602565073208038e-6
138.6	6.051401618311825e-6
138.8	4.383813297002069e-6
139.	6.459366761643851e-6
139.20000000000002	3.6399493319342324e-6
139.4	4.6229618735977695e-6
139.6	5.009614896831942e-6
139.8	3.7807023267696487e-6
140.	3.43966305316108e-6
140.20000000000002	3.5089178798418315e-6
140.4	3.892859338178102e-6
140.6	3.851142622472813e-6
140.8	3.423733410283279e-6
141.	3.9164338193449875e-6
141.20000000000002	3.4657825231147e-6
141.4	3.806659817925229e-6
141.6	2.624850858507925e-6
141.8	3.042739254919407e-6
142.	2.7000085517967295e-6
142.20000000000002	4.644463763206344e-6
142.4	4.029441273610535e-6
142.6	3.071003302559618e-6
142.8	3.04285537874069e-6
143.	3.0037735968195517e-6
143.20000000000002	2.7311213583353143e-6
143.4	2.0325192731846874e-6
143.6	2.9290302094232992e-6
143.8	2.806801079012343e-6
144.	3.6780657957111444e-6
144.20000000000002	2.621713274408218e-6
144.4	5.386039586884749e-6
144.6	1.8734737523202123e-6
144.8	3.4303014223838697e-6
145.	2.1835837285777578e-6
145.20000000000002	2.059697757700512e-6
145.4	2.832181211263601e-6
145.6	2.539522315887656e-6
145.8	1.7481130694269706e-6
146.	2.2230561030284117e-6
146.20000000000002	2.024436554398593e-6
146.4	2.3191762365111335e-6
146.6	1.5534861438373207e-6
146.8	1.960298504697228e-6
147.	1.4865014019209158e-6
147.20000000000002	1.926291508072549e-6
147.4	1.5220285696700367e-6
147.6	1.3951528728535989e-6
147.8	1.793107781299544e-6
148.	2.052191144372799e-6
148.20000000000002	1.5572389698703421e-6
148.4	2.156057845920339e-6
148.6	2.094156690892065e-6
148.8	1.933732672159975e-6
149.	1.9853946352177864e-6
149.20000000000002	1.407127759788387e-6
149.4	1.7916922831528789e-6
149.6	1.478695046982053e-6
149.8	1.5073945846861753e-6
150.	1.7565623355833803e-6
150.20000000000002	1.6052787280555366e-6
150.4	1.4191154994606132e-6
150.6	1.936287799295809e-6
150.8	1.5559992237067065e-6
151.	1.1477061611113593e-6
151.20000000000002	9.79931871775229e-7
151.4	1.0929354913467563e-6
151.6	1.5490048557139396e-6
151.8	1.3597239955381484e-6
152.	1.3524635800260217e-6
152.20000000000002	3.3003270987239292e-6
152.4	1.6552896458811174e-6
152.6	1.1735635640835156e-6
152.8	1.2594521950287331e-6
153.	1.070936800435671e-6
153.20000000000002	1.0415688044148478e-6
153.4	9.32410032177516e-7
153.60000000000002	1.0248808998043412e-6
153.8	8.35797045664972e-7
154.	8.995002640114989e-7
154.20000000000002	1.1135018450233546e-6
154.4	9.368120008275128e-7
154.60000000000002	1.2048515609287927e-6
154.8	1.013085383928578e-6
155.	6.900004110731993e-7
155.20000000000002	6.041797057138162e-7
155.4	7.874372376159444e-7
155.60000000000002	6.56428609606823e-7
155.8	6.379918833448438e-7
156.	7.290065185415529e-7